Gridworld with 36 states:
0	1	2	3	4	5	
6	7	8	9	10	11	
12	13	14	15	16	17	
18	19	20	21	22	23	
24	25	26	27	28	29	
30	31	32	33	34	35	
Terminal States: 1 35 


First Visit MC:
-18.11	0.00	-29.16	-44.00	-51.51	-54.66	
-32.28	-30.13	-39.55	-47.36	-51.87	-53.77	
-44.63	-44.68	-47.54	-50.02	-50.90	-50.76	
-52.93	-52.48	-51.92	-50.25	-47.03	-43.61	
-57.66	-56.35	-53.39	-47.99	-39.38	-29.00	
-59.71	-57.82	-53.40	-44.95	-29.44	0.00	

Every Visit MC:
-18.12	0.00	-29.22	-44.05	-51.56	-54.69	
-32.28	-30.15	-39.56	-47.40	-51.94	-53.83	
-44.65	-44.71	-47.56	-50.08	-51.01	-50.82	
-52.93	-52.48	-51.92	-50.27	-47.09	-43.63	
-57.67	-56.36	-53.42	-48.01	-39.38	-29.01	
-59.74	-57.84	-53.41	-44.98	-29.46	0.00	

TD(0), alpha=0.10:
-12.49	0.00	-21.39	-41.43	-46.94	-52.04	
-26.57	-27.69	-34.46	-44.12	-48.98	-51.02	
-38.56	-41.57	-44.03	-46.20	-48.03	-49.32	
-52.64	-49.70	-48.26	-46.47	-44.09	-40.71	
-54.92	-52.99	-49.47	-43.64	-33.90	-28.66	
-57.23	-55.54	-50.90	-40.06	-20.19	0.00	

TD(0), alpha=0.20:
-12.14	0.00	-21.61	-47.81	-54.82	-57.92	
-22.11	-23.16	-37.15	-49.05	-55.49	-56.97	
-39.49	-39.62	-46.05	-51.53	-51.97	-55.16	
-48.69	-49.52	-50.67	-47.85	-43.26	-45.61	
-55.37	-55.47	-53.73	-48.92	-34.38	-26.73	
-59.31	-58.25	-50.29	-41.82	-23.55	0.00	

TD(0), alpha=0.30:
-3.90	0.00	-20.43	-38.44	-51.78	-55.88	
-15.65	-17.87	-30.11	-47.68	-51.96	-55.13	
-37.47	-32.99	-31.11	-44.72	-45.04	-45.02	
-46.43	-47.21	-43.16	-48.07	-44.30	-39.11	
-54.98	-53.64	-50.25	-42.31	-38.65	-33.25	
-59.80	-55.19	-51.24	-39.65	-33.94	0.00	

TD(0), alpha=0.40:
-1.91	0.00	-20.63	-43.26	-46.11	-51.72	
-20.89	-24.78	-42.11	-47.38	-49.48	-49.90	
-41.49	-44.56	-47.16	-48.01	-50.40	-47.15	
-46.40	-51.74	-51.64	-51.02	-50.69	-37.25	
-55.29	-54.36	-52.81	-42.09	-25.52	-11.94	
-58.62	-55.92	-54.01	-50.66	-37.92	0.00	

TD(0), alpha=0.50:
-4.80	0.00	-10.92	-40.56	-54.19	-55.69	
-13.07	-21.09	-41.16	-44.55	-43.06	-48.21	
-30.31	-43.34	-38.00	-46.93	-44.44	-36.41	
-48.50	-55.68	-46.29	-43.74	-42.45	-11.94	
-59.54	-53.18	-48.81	-47.73	-35.55	-14.94	
-65.48	-58.54	-58.76	-43.15	-20.10	0.00	

TD(0), alpha=0.60:
-9.91	0.00	-10.05	-25.88	-46.43	-48.77	
-24.13	-36.28	-38.49	-46.50	-46.69	-49.08	
-38.47	-38.43	-45.42	-46.79	-47.29	-44.75	
-47.99	-53.18	-47.17	-45.09	-44.47	-37.08	
-62.10	-57.71	-49.59	-36.73	-16.58	-5.59	
-57.88	-49.73	-48.55	-39.63	-23.81	0.00	

TD(0), alpha=0.70:
-1.26	0.00	-1.55	-17.23	-49.98	-57.16	
-14.66	-23.17	-11.57	-50.98	-52.24	-53.44	
-29.14	-29.30	-26.70	-52.43	-47.20	-50.34	
-26.65	-40.44	-39.83	-42.38	-49.21	-46.33	
-42.60	-51.50	-53.61	-43.38	-26.83	-8.46	
-54.12	-56.33	-58.53	-50.91	-7.24	0.00	

TD(0), alpha=0.80:
-1.15	0.00	-8.40	-41.69	-60.57	-72.26	
-13.88	-3.45	-30.53	-55.63	-63.97	-59.82	
-33.09	-18.66	-57.26	-49.43	-67.07	-54.54	
-57.91	-72.79	-73.21	-63.34	-46.86	-22.16	
-70.67	-70.65	-65.77	-71.33	-38.01	-7.08	
-69.06	-75.64	-72.94	-69.55	-1.06	0.00	

TD(0), alpha=0.90:
-1.17	0.00	-13.15	-27.84	-51.64	-52.15	
-3.62	-1.10	-52.71	-13.67	-55.65	-55.20	
-17.32	-4.14	-42.59	-60.33	-55.54	-50.77	
-39.93	-55.38	-33.34	-61.91	-55.36	-15.21	
-64.99	-69.49	-69.81	-62.26	-27.22	-1.52	
-45.88	-55.24	-41.80	-33.77	-4.35	0.00	
